      0.400000000000
      0.400000000000
      0.400000000000
      0.400000000000
      0.400000000000
      0.400000000000
      0.400000000000
      0.400000000000
      0.400000000000
      0.400000000000
      0.400000000000
      0.400000000000
      0.400000000000
      0.400000000000
      0.400000000000
      0.400000000000
      0.400000000000
      0.400000000000
      0.400000000000
      0.400000000000
      0.400000000000
      0.400000000000
      0.400000000000
      0.400000000000
      0.400000000000
      0.400000000000
      0.400000000000
      0.400000000000
      0.400000000000
      0.400000000000
      0.400000000000
      0.400000000000
      0.400000000000
      0.400000000000
      0.400000000000
      0.400000000000
      0.400000000000
      0.400000000000
      0.400000000000
      0.400000000000
      0.400000000000
      0.400000000000
      0.400000000000
      0.400000000000
      0.400000000000
      0.400000000000
      0.400000000000
      0.400000000000
      0.400000000000
      0.400000000000
      0.400000000000
      0.400000000000
      0.400000000000
      0.400000000000
      0.400000000000
      0.400000000000
      0.400000000000
      0.400000000000
      0.400000000000
      0.400000000000
      0.400000000000
      0.400000000000
      0.400000000000
      0.400000000000
      0.400000000000
      0.400000000000
      0.400000000000
      0.400000000000
      0.400000000000
      0.400000000000
      0.400000000000
      0.400000000000
      0.400000000000
      0.400000000000
      0.400000000000
      0.400000000000
      0.400000000000
      0.400000000000
      0.400000000000
      0.400000000000
      0.400000000000
      0.400000000000
      0.400000000000
      0.400000000000
      0.400000000000
      0.400000000000
      0.400000000000
      0.400000000000
      0.400000000000
      0.400000000000
      0.400000000000
      0.399983947851
      0.398352485136
      0.393626439298
      0.390854488907
      0.393626439298
      0.398352485136
      0.399983947851
      0.400000000000
      0.400000000000
      0.400000000000
      0.400000000000
      0.400000000000
      0.400000000000
      0.400000000000
      0.400000000000
      0.400000000000
      0.400000000000
      0.400000000000
      0.400000000000
      0.400000000000
      0.399080713192
      0.382808442486
      0.341963780644
      0.297805508511
      0.279021324270
      0.297805508511
      0.341963780644
      0.382808442486
      0.399080713192
      0.400000000000
      0.400000000000
      0.400000000000
      0.400000000000
      0.400000000000
      0.400000000000
      0.400000000000
      0.400000000000
      0.400000000000
      0.400000000000
      0.400000000000
      0.399080713192
      0.370565653487
      0.279021324270
      0.149732694290
      0.041375741185
     -0.000000000000
      0.041375741185
      0.149732694290
      0.279021324270
      0.370565653487
      0.399080713192
      0.400000000000
      0.400000000000
      0.400000000000
      0.400000000000
      0.400000000000
      0.400000000000
      0.400000000000
      0.400000000000
      0.400000000000
      0.399983947851
      0.382808442486
      0.279021324270
      0.080136624929
     -0.139062531061
     -0.297268675703
     -0.353073976399
     -0.297268675703
     -0.139062531061
      0.080136624929
      0.279021324270
      0.382808442486
      0.399983947851
      0.400000000000
      0.400000000000
      0.400000000000
      0.400000000000
      0.400000000000
      0.400000000000
      0.400000000000
      0.400000000000
      0.398352485136
      0.341963780644
      0.149732694290
     -0.139062531061
     -0.409788368475
     -0.580031600735
     -0.634518818679
     -0.580031600735
     -0.409788368475
     -0.139062531061
      0.149732694290
      0.341963780644
      0.398352485136
      0.400000000000
      0.400000000000
      0.400000000000
      0.400000000000
      0.400000000000
      0.400000000000
      0.400000000000
      0.400000000000
      0.393626439298
      0.297805508511
      0.041375741185
     -0.297268675703
     -0.580031600735
     -0.734609398426
     -0.777786433337
     -0.734609398426
     -0.580031600735
     -0.297268675703
      0.041375741185
      0.297805508511
      0.393626439298
      0.400000000000
      0.400000000000
      0.400000000000
      0.400000000000
      0.400000000000
      0.400000000000
      0.400000000000
      0.400000000000
      0.390854488907
      0.279021324270
     -0.000000000000
     -0.353073976399
     -0.634518818679
     -0.777786433337
     -0.814383104000
     -0.777786433337
     -0.634518818679
     -0.353073976399
      0.000000000000
      0.279021324270
      0.390854488907
      0.400000000000
      0.400000000000
      0.400000000000
      0.400000000000
      0.400000000000
      0.400000000000
      0.400000000000
      0.400000000000
      0.393626439298
      0.297805508511
      0.041375741185
     -0.297268675703
     -0.580031600735
     -0.734609398426
     -0.777786433337
     -0.734609398426
     -0.580031600735
     -0.297268675703
      0.041375741185
      0.297805508511
      0.393626439298
      0.400000000000
      0.400000000000
      0.400000000000
      0.400000000000
      0.400000000000
      0.400000000000
      0.400000000000
      0.400000000000
      0.398352485136
      0.341963780644
      0.149732694290
     -0.139062531061
     -0.409788368475
     -0.580031600735
     -0.634518818679
     -0.580031600735
     -0.409788368475
     -0.139062531061
      0.149732694290
      0.341963780644
      0.398352485136
      0.400000000000
      0.400000000000
      0.400000000000
      0.400000000000
      0.400000000000
      0.400000000000
      0.400000000000
      0.400000000000
      0.399983947851
      0.382808442486
      0.279021324270
      0.080136624929
     -0.139062531061
     -0.297268675703
     -0.353073976399
     -0.297268675703
     -0.139062531061
      0.080136624929
      0.279021324270
      0.382808442486
      0.399983947851
      0.400000000000
      0.400000000000
      0.400000000000
      0.400000000000
      0.400000000000
      0.400000000000
      0.400000000000
      0.400000000000
      0.400000000000
      0.399080713192
      0.370565653487
      0.279021324270
      0.149732694290
      0.041375741185
      0.000000000000
      0.041375741185
      0.149732694290
      0.279021324270
      0.370565653487
      0.399080713192
      0.400000000000
      0.400000000000
      0.400000000000
      0.400000000000
      0.400000000000
      0.400000000000
      0.400000000000
      0.400000000000
      0.400000000000
      0.400000000000
      0.400000000000
      0.399080713192
      0.382808442486
      0.341963780644
      0.297805508511
      0.279021324270
      0.297805508511
      0.341963780644
      0.382808442486
      0.399080713192
      0.400000000000
      0.400000000000
      0.400000000000
      0.400000000000
      0.400000000000
      0.400000000000
      0.400000000000
      0.400000000000
      0.400000000000
      0.400000000000
      0.400000000000
      0.400000000000
      0.400000000000
      0.399983947851
      0.398352485136
      0.393626439298
      0.390854488907
      0.393626439298
      0.398352485136
      0.399983947851
      0.400000000000
      0.400000000000
      0.400000000000
      0.400000000000
      0.400000000000
      0.400000000000
      0.400000000000
      0.400000000000
      0.400000000000
      0.400000000000
      0.400000000000
      0.400000000000
      0.400000000000
      0.400000000000
      0.400000000000
      0.400000000000
      0.400000000000
      0.400000000000
      0.400000000000
      0.400000000000
      0.400000000000
      0.400000000000
      0.400000000000
      0.400000000000
      0.400000000000
      0.400000000000
      0.400000000000
      0.400000000000
      0.400000000000
      0.400000000000
      0.400000000000
      0.400000000000
      0.400000000000
      0.400000000000
      0.400000000000
      0.400000000000
      0.400000000000
      0.400000000000
      0.400000000000
      0.400000000000
      0.400000000000
      0.400000000000
      0.400000000000
      0.400000000000
      0.400000000000
      0.400000000000
      0.400000000000
      0.400000000000
      0.400000000000
      0.400000000000
      0.400000000000
      0.400000000000
      0.400000000000
      0.400000000000
      0.400000000000
      0.400000000000
      0.400000000000
      0.400000000000
      0.400000000000
      0.400000000000
      0.400000000000
      0.400000000000
      0.400000000000
      0.400000000000
      0.400000000000
      0.400000000000
      0.400000000000
      0.400000000000
      0.400000000000
      0.400000000000
      0.400000000000
      0.400000000000
      0.400000000000
      0.400000000000
      0.400000000000
      0.400000000000
      0.400000000000
      0.400000000000
      0.400000000000
      0.400000000000
      0.400000000000
      0.400000000000
      0.400000000000
      0.400000000000
      0.400000000000
      0.400000000000
      0.400000000000
      0.400000000000
      0.400000000000
      0.400000000000
      0.400000000000
