      0.400000000000
      0.400000000000
      0.400000000000
      0.400000000000
      0.400000000000
      0.400000000000
      0.400000000000
      0.400000000000
      0.400000000000
      0.400000000000
      0.400000000000
      0.400000000000
      0.400000000000
      0.400000000000
      0.400000000000
      0.400000000000
      0.400000000000
      0.400000000000
      0.400000000000
      0.400000000000
      0.400000000000
      0.400000000000
      0.400000000000
      0.400000000000
      0.400000000000
      0.400000000000
      0.400000000000
      0.400000000000
      0.400000000000
      0.400000000000
      0.400000000000
      0.400000000000
      0.400000000000
      0.400000000000
      0.400000000000
      0.400000000000
      0.400000000000
      0.400000000000
      0.400000000000
      0.400000000000
      0.400000000000
      0.400000000000
      0.400000000000
      0.400000000000
      0.400000000000
      0.400000000000
      0.400000000000
      0.400000000000
      0.400000000000
      0.400000000000
      0.400000000000
      0.400000000000
      0.400000000000
      0.400000000000
      0.400000000000
      0.400000000000
      0.400000000000
      0.400000000000
      0.400000000000
      0.400000000000
      0.400000000000
      0.400000000000
      0.400000000000
      0.400000000000
      0.400000000000
      0.400000000000
      0.400000000000
      0.400000000000
      0.400000000000
      0.400000000000
      0.400000000000
      0.400000000000
      0.400000000000
      0.400000000000
      0.400000000000
      0.400000000000
      0.400000000000
      0.400000000000
      0.400000000000
      0.400000000000
      0.400000000000
      0.400000000000
      0.400000000000
      0.400000000000
      0.400000000000
      0.400000000000
      0.400000000000
      0.400000000000
      0.400000000000
      0.400000000000
      0.400000000000
      0.400000000000
      0.400000000000
      0.400000000000
      0.400000000000
      0.400000000000
      0.400000000000
      0.400000000000
      0.400000000000
      0.400000000000
      0.400000000000
      0.400000000000
      0.400000000000
      0.400000000000
      0.400000000000
      0.400000000000
      0.400000000000
      0.400000000000
      0.400000000000
      0.400000000000
      0.400000000000
      0.400000000000
      0.400000000000
      0.400000000000
      0.400000000000
      0.400000000000
      0.400000000000
      0.400000000000
      0.400000000000
      0.400000000000
      0.400000000000
      0.400000000000
      0.400000000000
      0.400000000000
      0.400000000000
      0.400000000000
      0.400000000000
      0.400000000000
      0.400000000000
      0.400000000000
      0.400000000000
      0.400000000000
      0.400000000000
      0.400000000000
      0.400000000000
      0.400000000000
      0.400000000000
      0.400000000000
      0.400000000000
      0.400000000000
      0.400000000000
      0.400000000000
      0.400000000000
      0.400000000000
      0.400000000000
      0.400000000000
      0.400000000000
      0.400000000000
      0.400000000000
      0.400000000000
      0.400000000000
      0.400000000000
      0.400000000000
      0.400000000000
      0.400000000000
      0.399737856000
      0.395805696000
      0.392229534025
      0.395805696000
      0.399737856000
      0.400000000000
      0.400000000000
      0.400000000000
      0.400000000000
      0.400000000000
      0.400000000000
      0.400000000000
      0.400000000000
      0.400000000000
      0.400000000000
      0.400000000000
      0.400000000000
      0.400000000000
      0.400000000000
      0.400000000000
      0.399737856000
      0.386743928099
      0.352616662914
      0.332891136000
      0.352616662914
      0.386743928099
      0.399737856000
      0.400000000000
      0.400000000000
      0.400000000000
      0.400000000000
      0.400000000000
      0.400000000000
      0.400000000000
      0.400000000000
      0.400000000000
      0.400000000000
      0.400000000000
      0.400000000000
      0.400000000000
      0.400000000000
      0.395805696000
      0.352616662914
      0.275672544395
      0.236160000000
      0.275672544395
      0.352616662914
      0.395805696000
      0.400000000000
      0.400000000000
      0.400000000000
      0.400000000000
      0.400000000000
      0.400000000000
      0.400000000000
      0.400000000000
      0.400000000000
      0.400000000000
      0.400000000000
      0.400000000000
      0.400000000000
      0.400000000000
      0.392229534025
      0.332891136000
      0.236160000000
      0.187902849580
      0.236160000000
      0.332891136000
      0.392229534025
      0.400000000000
      0.400000000000
      0.400000000000
      0.400000000000
      0.400000000000
      0.400000000000
      0.400000000000
      0.400000000000
      0.400000000000
      0.400000000000
      0.400000000000
      0.400000000000
      0.400000000000
      0.400000000000
      0.395805696000
      0.352616662914
      0.275672544395
      0.236160000000
      0.275672544395
      0.352616662914
      0.395805696000
      0.400000000000
      0.400000000000
      0.400000000000
      0.400000000000
      0.400000000000
      0.400000000000
      0.400000000000
      0.400000000000
      0.400000000000
      0.400000000000
      0.400000000000
      0.400000000000
      0.400000000000
      0.400000000000
      0.399737856000
      0.386743928099
      0.352616662914
      0.332891136000
      0.352616662914
      0.386743928099
      0.399737856000
      0.400000000000
      0.400000000000
      0.400000000000
      0.400000000000
      0.400000000000
      0.400000000000
      0.400000000000
      0.400000000000
      0.400000000000
      0.400000000000
      0.400000000000
      0.400000000000
      0.400000000000
      0.400000000000
      0.400000000000
      0.399737856000
      0.395805696000
      0.392229534025
      0.395805696000
      0.399737856000
      0.400000000000
      0.400000000000
      0.400000000000
      0.400000000000
      0.400000000000
      0.400000000000
      0.400000000000
      0.400000000000
      0.400000000000
      0.400000000000
      0.400000000000
      0.400000000000
      0.400000000000
      0.400000000000
      0.400000000000
      0.400000000000
      0.400000000000
      0.400000000000
      0.400000000000
      0.400000000000
      0.400000000000
      0.400000000000
      0.400000000000
      0.400000000000
      0.400000000000
      0.400000000000
      0.400000000000
      0.400000000000
      0.400000000000
      0.400000000000
      0.400000000000
      0.400000000000
      0.400000000000
      0.400000000000
      0.400000000000
      0.400000000000
      0.400000000000
      0.400000000000
      0.400000000000
      0.400000000000
      0.400000000000
      0.400000000000
      0.400000000000
      0.400000000000
      0.400000000000
      0.400000000000
      0.400000000000
      0.400000000000
      0.400000000000
      0.400000000000
      0.400000000000
      0.400000000000
      0.400000000000
      0.400000000000
      0.400000000000
      0.400000000000
      0.400000000000
      0.400000000000
      0.400000000000
      0.400000000000
      0.400000000000
      0.400000000000
      0.400000000000
      0.400000000000
      0.400000000000
      0.400000000000
      0.400000000000
      0.400000000000
      0.400000000000
      0.400000000000
      0.400000000000
      0.400000000000
      0.400000000000
      0.400000000000
      0.400000000000
      0.400000000000
      0.400000000000
      0.400000000000
      0.400000000000
      0.400000000000
      0.400000000000
      0.400000000000
      0.400000000000
      0.400000000000
      0.400000000000
      0.400000000000
      0.400000000000
      0.400000000000
      0.400000000000
      0.400000000000
      0.400000000000
      0.400000000000
      0.400000000000
      0.400000000000
      0.400000000000
      0.400000000000
      0.400000000000
      0.400000000000
      0.400000000000
      0.400000000000
      0.400000000000
      0.400000000000
      0.400000000000
      0.400000000000
      0.400000000000
      0.400000000000
      0.400000000000
      0.400000000000
      0.400000000000
      0.400000000000
      0.400000000000
      0.400000000000
      0.400000000000
      0.400000000000
      0.400000000000
      0.400000000000
      0.400000000000
      0.400000000000
      0.400000000000
      0.400000000000
      0.400000000000
      0.400000000000
      0.400000000000
      0.400000000000
      0.400000000000
      0.400000000000
      0.400000000000
      0.400000000000
      0.400000000000
      0.400000000000
      0.400000000000
      0.400000000000
      0.400000000000
      0.400000000000
      0.400000000000
      0.400000000000
      0.400000000000
      0.400000000000
      0.400000000000
      0.400000000000
      0.400000000000
      0.400000000000
      0.400000000000
      0.400000000000
      0.400000000000
      0.400000000000
      0.400000000000
      0.400000000000
      0.400000000000
      0.400000000000
      0.400000000000
      0.400000000000
      0.400000000000
      0.400000000000
      0.400000000000
