      0.400000000000
      0.400000000000
      0.400000000000
      0.399999999997
      0.399999999896
      0.399999997878
      0.399999970092
      0.399999713237
      0.399998225255
      0.399995249406
      0.399993010553
      0.399995249406
      0.399998225255
      0.399999713237
      0.399999970092
      0.399999997878
      0.399999999896
      0.399999999997
      0.400000000000
      0.400000000000
      0.400000000000
      0.400000000000
      0.400000000000
      0.399999999996
      0.399999999867
      0.399999996961
      0.399999950757
      0.399999433098
      0.399995438242
      0.399975897826
      0.399941328530
      0.399916736035
      0.399941328530
      0.399975897826
      0.399995438242
      0.399999433098
      0.399999950757
      0.399999996961
      0.399999999867
      0.399999999996
      0.400000000000
      0.400000000000
      0.400000000000
      0.399999999996
      0.399999999856
      0.399999996379
      0.399999934331
      0.399999130322
      0.399991591038
      0.399940665857
      0.399738778181
      0.399421907116
      0.399209748990
      0.399421907116
      0.399738778181
      0.399940665857
      0.399991591038
      0.399999130322
      0.399999934331
      0.399999996379
      0.399999999856
      0.399999999996
      0.400000000000
      0.399999999997
      0.399999999867
      0.399999996379
      0.399999927850
      0.399998930567
      0.399988113067
      0.399900196661
      0.399380069542
      0.397786850956
      0.395516151078
      0.394079759785
      0.395516151078
      0.397786850956
      0.399380069542
      0.399900196661
      0.399988113067
      0.399998930567
      0.399999927850
      0.399999996379
      0.399999999867
      0.399999999997
      0.399999999896
      0.399999996961
      0.399999934331
      0.399998930567
      0.399986699980
      0.399872208041
      0.399064391545
      0.395053326027
      0.385448622073
      0.372702956504
      0.365298116076
      0.372702956504
      0.385448622073
      0.395053326027
      0.399064391545
      0.399872208041
      0.399986699980
      0.399998930567
      0.399999934331
      0.399999996961
      0.399999999896
      0.399999997878
      0.399999950757
      0.399999130322
      0.399988113067
      0.399872208041
      0.398932101408
      0.393217118120
      0.370455200468
      0.325573964587
      0.271529932120
      0.244424676774
      0.271529932120
      0.325573964587
      0.370455200468
      0.393217118120
      0.398932101408
      0.399872208041
      0.399988113067
      0.399999130322
      0.399999950757
      0.399999997878
      0.399999970092
      0.399999433098
      0.399991591038
      0.399900196661
      0.399064391545
      0.393217118120
      0.360573798304
      0.274285107623
      0.163719524339
      0.053328449751
      0.010710886442
      0.053328449751
      0.163719524339
      0.274285107623
      0.360573798304
      0.393217118120
      0.399064391545
      0.399900196661
      0.399991591038
      0.399999433098
      0.399999970092
      0.399999713237
      0.399995438242
      0.399940665857
      0.399380069542
      0.395053326027
      0.370455200468
      0.274285107623
      0.118554320922
     -0.055064894287
     -0.211793118337
     -0.262129960380
     -0.211793118337
     -0.055064894287
      0.118554320922
      0.274285107623
      0.370455200468
      0.395053326027
      0.399380069542
      0.399940665857
      0.399995438242
      0.399999713237
      0.399998225255
      0.399975897826
      0.399738778181
      0.397786850956
      0.385448622073
      0.325573964587
      0.163719524339
     -0.055064894287
     -0.286745143032
     -0.475409506213
     -0.527490331013
     -0.475409506213
     -0.286745143032
     -0.055064894287
      0.163719524339
      0.325573964587
      0.385448622073
      0.397786850956
      0.399738778181
      0.399975897826
      0.399998225255
      0.399995249406
      0.399941328530
      0.399421907116
      0.395516151078
      0.372702956504
      0.271529932120
      0.053328449751
     -0.211793118337
     -0.475409506213
     -0.647410740273
     -0.686016124340
     -0.647410740273
     -0.475409506213
     -0.211793118337
      0.053328449751
      0.271529932120
      0.372702956504
      0.395516151078
      0.399421907116
      0.399941328530
      0.399995249406
      0.399993010553
      0.399916736035
      0.399209748990
      0.394079759785
      0.365298116076
      0.244424676774
      0.010710886442
     -0.262129960380
     -0.527490331013
     -0.686016124340
     -0.717695718588
     -0.686016124340
     -0.527490331013
     -0.262129960380
      0.010710886442
      0.244424676774
      0.365298116076
      0.394079759785
      0.399209748990
      0.399916736035
      0.399993010553
      0.399995249406
      0.399941328530
      0.399421907116
      0.395516151078
      0.372702956504
      0.271529932120
      0.053328449751
     -0.211793118337
     -0.475409506213
     -0.647410740273
     -0.686016124340
     -0.647410740273
     -0.475409506213
     -0.211793118337
      0.053328449751
      0.271529932120
      0.372702956504
      0.395516151078
      0.399421907116
      0.399941328530
      0.399995249406
      0.399998225255
      0.399975897826
      0.399738778181
      0.397786850956
      0.385448622073
      0.325573964587
      0.163719524339
     -0.055064894287
     -0.286745143032
     -0.475409506213
     -0.527490331013
     -0.475409506213
     -0.286745143032
     -0.055064894287
      0.163719524339
      0.325573964587
      0.385448622073
      0.397786850956
      0.399738778181
      0.399975897826
      0.399998225255
      0.399999713237
      0.399995438242
      0.399940665857
      0.399380069542
      0.395053326027
      0.370455200468
      0.274285107623
      0.118554320922
     -0.055064894287
     -0.211793118337
     -0.262129960380
     -0.211793118337
     -0.055064894287
      0.118554320922
      0.274285107623
      0.370455200468
      0.395053326027
      0.399380069542
      0.399940665857
      0.399995438242
      0.399999713237
      0.399999970092
      0.399999433098
      0.399991591038
      0.399900196661
      0.399064391545
      0.393217118120
      0.360573798304
      0.274285107623
      0.163719524339
      0.053328449751
      0.010710886442
      0.053328449751
      0.163719524339
      0.274285107623
      0.360573798304
      0.393217118120
      0.399064391545
      0.399900196661
      0.399991591038
      0.399999433098
      0.399999970092
      0.399999997878
      0.399999950757
      0.399999130322
      0.399988113067
      0.399872208041
      0.398932101408
      0.393217118120
      0.370455200468
      0.325573964587
      0.271529932120
      0.244424676774
      0.271529932120
      0.325573964587
      0.370455200468
      0.393217118120
      0.398932101408
      0.399872208041
      0.399988113067
      0.399999130322
      0.399999950757
      0.399999997878
      0.399999999896
      0.399999996961
      0.399999934331
      0.399998930567
      0.399986699980
      0.399872208041
      0.399064391545
      0.395053326027
      0.385448622073
      0.372702956504
      0.365298116076
      0.372702956504
      0.385448622073
      0.395053326027
      0.399064391545
      0.399872208041
      0.399986699980
      0.399998930567
      0.399999934331
      0.399999996961
      0.399999999896
      0.399999999997
      0.399999999867
      0.399999996379
      0.399999927850
      0.399998930567
      0.399988113067
      0.399900196661
      0.399380069542
      0.397786850956
      0.395516151078
      0.394079759785
      0.395516151078
      0.397786850956
      0.399380069542
      0.399900196661
      0.399988113067
      0.399998930567
      0.399999927850
      0.399999996379
      0.399999999867
      0.399999999997
      0.400000000000
      0.399999999996
      0.399999999856
      0.399999996379
      0.399999934331
      0.399999130322
      0.399991591038
      0.399940665857
      0.399738778181
      0.399421907116
      0.399209748990
      0.399421907116
      0.399738778181
      0.399940665857
      0.399991591038
      0.399999130322
      0.399999934331
      0.399999996379
      0.399999999856
      0.399999999996
      0.400000000000
      0.400000000000
      0.400000000000
      0.399999999996
      0.399999999867
      0.399999996961
      0.399999950757
      0.399999433098
      0.399995438242
      0.399975897826
      0.399941328530
      0.399916736035
      0.399941328530
      0.399975897826
      0.399995438242
      0.399999433098
      0.399999950757
      0.399999996961
      0.399999999867
      0.399999999996
      0.400000000000
      0.400000000000
      0.400000000000
      0.400000000000
      0.400000000000
      0.399999999997
      0.399999999896
      0.399999997878
      0.399999970092
      0.399999713237
      0.399998225255
      0.399995249406
      0.399993010553
      0.399995249406
      0.399998225255
      0.399999713237
      0.399999970092
      0.399999997878
      0.399999999896
      0.399999999997
      0.400000000000
      0.400000000000
      0.400000000000
